# Blender v2.92.0 OBJ File: ''
# www.blender.org
v 3.249716 -0.389474 -1.000000
v 3.249716 -1.000000 -1.000000
v -3.249716 1.000000 -1.000000
v -3.249716 -1.000000 -1.000000
v 0.110364 -1.000000 -2.844202
v 0.110364 -0.389474 -2.844202
v -0.996594 1.000000 -3.644495
v -0.996594 -1.000000 -3.644495
v 0.000000 0.305263 -1.000000
v 1.624858 -0.042106 -1.000000
v -3.368610 1.000000 -2.587665
v -2.886238 -1.000000 -3.153826
v -1.115487 1.000000 -4.627390
v -1.597859 -1.000000 -4.061229
v -3.249716 1.723630 -1.000000
v -0.996594 1.255159 -3.988545
v -3.368610 1.723630 -2.587665
v -1.115487 1.255159 -4.283339
v -4.155077 1.000000 -1.000000
v -3.505098 -1.000000 -0.462329
v -4.155077 1.727544 -1.000000
v -3.761843 1.000000 -1.793833
v -3.309163 1.723630 -1.793833
v -1.367791 1.744817 -0.759679
v -1.367791 1.744817 -0.240321
v -1.367791 2.120640 -0.759679
v -1.367791 2.122673 -0.240321
v 3.249716 -0.389474 1.000000
v 3.249716 -1.000000 1.000000
v -3.249716 1.000000 1.000000
v -3.249716 -1.000000 1.000000
v -3.249716 -1.000000 0.000000
v 3.249716 -0.389474 0.000000
v -3.249716 1.000000 0.000000
v 3.249716 -1.000000 0.000000
v 0.110364 -1.000000 2.844202
v 0.110364 -0.389474 2.844202
v -0.996594 1.000000 3.644495
v -0.996594 -1.000000 3.644495
v 0.000000 0.305263 1.000000
v 1.624858 -0.042106 1.000000
v -3.368610 1.000000 2.587665
v -2.886238 -1.000000 3.153826
v -1.115487 1.000000 4.627390
v -1.597859 -1.000000 4.061229
v -3.249716 1.723630 1.000000
v -0.996594 1.255159 3.988545
v -3.368610 1.723630 2.587665
v -1.115487 1.255159 4.283339
v -4.155077 1.000000 1.000000
v -3.505098 -1.000000 0.462329
v -3.505098 -1.000000 0.000000
v -4.155077 1.000000 0.000000
v -3.249716 1.727544 0.000000
v -4.155077 1.727544 1.000000
v -4.155077 1.727544 0.000000
v -3.761843 1.000000 1.793833
v -3.309163 1.723630 1.793833
v -1.367791 1.744817 0.759679
v -1.367791 1.744817 0.240321
v -1.367791 2.120640 0.759679
v -1.367791 2.122673 0.240321
s off
f 9 34 3
f 2 1 6
f 4 32 35
f 2 35 33
f 4 3 19
f 4 12 11
f 6 7 8
f 3 7 6
f 10 9 6
f 4 2 5
f 8 14 12
f 7 13 14
f 13 11 12
f 7 16 18
f 7 3 15
f 11 13 18
f 23 17 16
f 20 19 53
f 32 4 20
f 53 19 21
f 54 15 26
f 22 17 21
f 3 11 22
f 54 56 21
f 23 15 21
f 3 34 25
f 15 3 24
f 54 27 25
f 25 27 26
f 34 40 30
f 37 28 29
f 35 32 31
f 33 35 29
f 50 30 31
f 31 30 42
f 37 36 39
f 30 40 37
f 41 28 37
f 36 29 31
f 39 31 43
f 38 39 45
f 43 42 44
f 38 44 49
f 46 30 38
f 49 44 42
f 48 58 47
f 51 52 53
f 52 32 34
f 56 53 34
f 51 31 32
f 55 50 53
f 61 46 54
f 55 57 50
f 30 50 57
f 55 56 54
f 58 48 55
f 60 34 30
f 59 30 46
f 54 34 60
f 60 59 61
f 34 9 33
f 33 10 1
f 10 33 9
f 2 6 5
f 4 35 2
f 2 33 1
f 4 19 20
f 4 11 3
f 6 8 5
f 3 6 9
f 10 6 1
f 4 5 8
f 8 12 4
f 7 14 8
f 13 12 14
f 7 18 13
f 7 15 16
f 11 18 17
f 15 23 16
f 16 17 18
f 20 53 52
f 32 20 52
f 53 21 56
f 54 26 27
f 17 22 11
f 22 21 19
f 3 22 19
f 54 21 15
f 23 21 17
f 3 25 24
f 15 24 26
f 54 25 34
f 25 26 24
f 28 41 33
f 33 40 34
f 41 40 33
f 37 29 36
f 35 31 29
f 33 29 28
f 50 31 51
f 31 42 43
f 37 39 38
f 30 37 38
f 41 37 40
f 36 31 39
f 39 43 45
f 38 45 44
f 43 44 45
f 38 49 47
f 46 38 47
f 49 42 48
f 49 48 47
f 47 58 46
f 51 53 50
f 52 34 53
f 56 34 54
f 51 32 52
f 55 53 56
f 61 54 62
f 57 48 42
f 48 57 55
f 30 57 42
f 55 54 46
f 58 55 46
f 60 30 59
f 59 46 61
f 54 60 62
f 60 61 62
